xof 0303txt 0032

template XSkinMeshHeader {
  <3cf169ce-ff7c-44ab-93c0-f78f62d172e2>
  WORD nMaxSkinWeightsPerVertex;
  WORD nMaxSkinWeightsPerFace;
  WORD nBones;
}

template SkinWeights {
  <6f0d123b-bad2-4167-a0d0-80224f25fabb>
  STRING transformNodeName;
  DWORD nWeights;
  array DWORD vertexIndices[nWeights];
  array float weights[nWeights];
  Matrix4x4 matrixOffset;
}

Frame Root {
  FrameTransformMatrix {
     1.000000, 0.000000, 0.000000, 0.000000,
     0.000000,-0.000000,-1.000000, 0.000000,
     0.000000, 1.000000,-0.000000, 0.000000,
     0.000000, 0.000000, 0.000000, 1.000000;;
  }
  Frame Armature {
    FrameTransformMatrix {
       1.000000, 0.000000, 0.000000, 0.000000,
       0.000000, 1.000000, 0.000000, 0.000000,
       0.000000, 0.000000, 1.000000, 0.000000,
       0.000000, 0.000000, 0.000000, 1.000000;;
    }
    Frame Armature_Main {
      FrameTransformMatrix {
         1.000000, 0.000000, 0.000000, 0.000000,
         0.000000, 0.000000, 1.000000, 0.000000,
         0.000000,-1.000000, 0.000000, 0.000000,
         0.000000, 0.000000, 0.000000, 1.000000;;
      }
      Frame Armature_Bone_001 {
        FrameTransformMatrix {
          -1.000000,-0.000000, 0.000000, 0.000000,
           0.000000, 1.000000, 0.000000, 0.000000,
          -0.000000, 0.000000,-1.000000, 0.000000,
           0.000000, 4.687327,-0.000000, 1.000000;;
        }
        Frame Armature_Spine1 {
          FrameTransformMatrix {
             1.000000,-0.000000, 0.000000, 0.000000,
            -0.000000, 0.998073, 0.062056, 0.000000,
            -0.000000,-0.062056, 0.998073, 0.000000,
            -0.000000, 1.514965, 0.000000, 1.000000;;
          }
          Frame Armature_Spine2 {
            FrameTransformMatrix {
               1.000000,-0.000000,-0.000000, 0.000000,
              -0.000000, 0.998073,-0.062056, 0.000000,
               0.000000, 0.062056, 0.998073, 0.000000,
              -0.000000, 1.412763,-0.000000, 1.000000;;
            }
            Frame Armature_Shoulder_Left {
              FrameTransformMatrix {
                -0.182514,-0.071654,-0.980589, 0.000000,
                -0.912767,-0.358345, 0.196076, 0.000000,
                -0.365439, 0.930835,-0.000000, 0.000000,
                -0.000000, 1.161639, 0.000000, 1.000000;;
              }
              Frame Armature_Upper_Hand_Left {
                FrameTransformMatrix {
                  -0.179327,-0.920994,-0.345850, 0.000000,
                  -0.150275, 0.373067,-0.915554, 0.000000,
                   0.972244,-0.112211,-0.205303, 0.000000,
                  -0.000000, 1.080558,-0.000001, 1.000000;;
                }
                Frame Armature_Lower_Hand_Left {
                  FrameTransformMatrix {
                     0.948031, 0.283265, 0.144904, 0.000000,
                    -0.314944, 0.770683, 0.553947, 0.000000,
                     0.045239,-0.570796, 0.819845, 0.000000,
                    -0.000000, 1.541059,-0.000000, 1.000000;;
                  }
                  Frame Armature_Upper_Palm_Left {
                    FrameTransformMatrix {
                       0.999690, 0.024887,-0.000000, 0.000000,
                      -0.024887, 0.999690,-0.000000, 0.000000,
                       0.000000, 0.000000, 1.000000, 0.000000,
                      -0.000000, 1.355044, 0.000000, 1.000000;;
                    }
                    Frame Armature_Lower_Palm_Left {
                      FrameTransformMatrix {
                         0.994228,-0.107291, 0.000000, 0.000000,
                         0.107291, 0.994228,-0.000000, 0.000000,
                        -0.000000, 0.000000, 1.000000, 0.000000,
                        -0.000000, 0.229553,-0.000000, 1.000000;;
                      }
                      Frame Armature_Upper_Finger_Left {
                        FrameTransformMatrix {
                           0.843174,-0.537640, 0.000000, 0.000000,
                           0.537640, 0.843174,-0.000000, 0.000000,
                          -0.000000,-0.000000, 1.000000, 0.000000,
                          -0.000000, 0.177715, 0.000000, 1.000000;;
                        }
                        Frame Armature_Lower_Finger_Left {
                          FrameTransformMatrix {
                            -0.000000, 0.000000,-1.000000, 0.000000,
                             0.642841, 0.766000, 0.000000, 0.000000,
                             0.766000,-0.642841,-0.000000, 0.000000,
                            -0.000000, 0.229868, 0.000000, 1.000000;;
                          }
                        } //End of Armature_Lower_Finger_Left
                      } //End of Armature_Upper_Finger_Left
                    } //End of Armature_Lower_Palm_Left
                    Frame Armature_Thumb_Join_Left {
                      FrameTransformMatrix {
                         0.838058,-0.389141,-0.382398, 0.000000,
                         0.493692, 0.242570, 0.835121, 0.000000,
                        -0.232222,-0.888667, 0.395404, 0.000000,
                        -0.000000, 0.229553,-0.000000, 1.000000;;
                      }
                      Frame Armature_Upper_Thumb_Left {
                        FrameTransformMatrix {
                           0.937234, 0.297478, 0.181932, 0.000000,
                           0.016888, 0.482406,-0.875785, 0.000000,
                          -0.348291, 0.823888, 0.447104, 0.000000,
                           0.000000, 0.341012,-0.000000, 1.000000;;
                        }
                        Frame Armature_Lower_Thumb_Left {
                          FrameTransformMatrix {
                             0.987731, 0.148874, 0.047162, 0.000000,
                            -0.131234, 0.954981,-0.266063, 0.000000,
                            -0.084649, 0.256609, 0.962801, 0.000000,
                            -0.000000, 0.126916, 0.000000, 1.000000;;
                          }
                        } //End of Armature_Lower_Thumb_Left
                      } //End of Armature_Upper_Thumb_Left
                    } //End of Armature_Thumb_Join_Left
                  } //End of Armature_Upper_Palm_Left
                } //End of Armature_Lower_Hand_Left
              } //End of Armature_Upper_Hand_Left
            } //End of Armature_Shoulder_Left
            Frame Armature_Shoulder_Right {
              FrameTransformMatrix {
                -0.182514, 0.071654, 0.980589, 0.000000,
                 0.912767,-0.358345, 0.196076, 0.000000,
                 0.365439, 0.930835,-0.000000, 0.000000,
                -0.000000, 1.161639, 0.000000, 1.000000;;
              }
              Frame Armature_Upper_Hand_Right {
                FrameTransformMatrix {
                  -0.190526, 0.877982, 0.439144, 0.000000,
                   0.090107, 0.461090,-0.882766, 0.000000,
                  -0.977538,-0.128620,-0.166962, 0.000000,
                   0.000000, 1.080558,-0.000000, 1.000000;;
                }
                Frame Armature_Lower_Hand_Right {
                  FrameTransformMatrix {
                     0.993560,-0.100814,-0.051721, 0.000000,
                     0.113284, 0.893087, 0.435387, 0.000000,
                     0.002299,-0.438442, 0.898757, 0.000000,
                    -0.000000, 1.541059, 0.000000, 1.000000;;
                  }
                  Frame Armature_Upper_Palm_Right {
                    FrameTransformMatrix {
                       0.932266,-0.350367, 0.090128, 0.000000,
                       0.349673, 0.936567, 0.023895, 0.000000,
                      -0.092782, 0.009239, 0.995644, 0.000000,
                      -0.000000, 1.355043, 0.000000, 1.000000;;
                    }
                    Frame Armature_Lower_Palm_Right {
                      FrameTransformMatrix {
                         0.994228, 0.107291,-0.000000, 0.000000,
                        -0.107291, 0.994228,-0.000000, 0.000000,
                         0.000000, 0.000000, 1.000000, 0.000000,
                         0.000000, 0.229553,-0.000000, 1.000000;;
                      }
                      Frame Armature_Upper_Finger_Right {
                        FrameTransformMatrix {
                           0.843174, 0.537640,-0.000000, 0.000000,
                          -0.537640, 0.843174,-0.000000, 0.000000,
                           0.000000, 0.000000, 1.000000, 0.000000,
                          -0.000000, 0.177716, 0.000000, 1.000000;;
                        }
                        Frame Armature_Lower_Finger_Right {
                          FrameTransformMatrix {
                            -0.000000,-0.000000, 1.000000, 0.000000,
                            -0.642841, 0.766000, 0.000000, 0.000000,
                            -0.766000,-0.642841,-0.000000, 0.000000,
                             0.000000, 0.229867, 0.000000, 1.000000;;
                          }
                        } //End of Armature_Lower_Finger_Right
                      } //End of Armature_Upper_Finger_Right
                    } //End of Armature_Lower_Palm_Right
                    Frame Armature_Thumb_Join_Right {
                      FrameTransformMatrix {
                         0.838058, 0.389141, 0.382398, 0.000000,
                        -0.493692, 0.242570, 0.835121, 0.000000,
                         0.232222,-0.888667, 0.395403, 0.000000,
                         0.000000, 0.229553,-0.000000, 1.000000;;
                      }
                      Frame Armature_Upper_Thumb_Right {
                        FrameTransformMatrix {
                           0.937234,-0.297478,-0.181932, 0.000000,
                          -0.016888, 0.482406,-0.875785, 0.000000,
                           0.348291, 0.823888, 0.447104, 0.000000,
                          -0.000000, 0.341012, 0.000000, 1.000000;;
                        }
                        Frame Armature_Lower_Thumb_Right {
                          FrameTransformMatrix {
                             0.987731,-0.148874,-0.047162, 0.000000,
                             0.131234, 0.954981,-0.266063, 0.000000,
                             0.084649, 0.256609, 0.962801, 0.000000,
                            -0.000000, 0.126916,-0.000000, 1.000000;;
                          }
                        } //End of Armature_Lower_Thumb_Right
                      } //End of Armature_Upper_Thumb_Right
                    } //End of Armature_Thumb_Join_Right
                  } //End of Armature_Upper_Palm_Right
                } //End of Armature_Lower_Hand_Right
              } //End of Armature_Upper_Hand_Right
            } //End of Armature_Shoulder_Right
            Frame Armature_Neck {
              FrameTransformMatrix {
                 1.000000,-0.000000,-0.000000, 0.000000,
                 0.000000, 0.987365,-0.158466, 0.000000,
                 0.000000, 0.158466, 0.987365, 0.000000,
                -0.000000, 1.161639, 0.000000, 1.000000;;
              }
              Frame Armature_Head {
                FrameTransformMatrix {
                   0.978349,-0.032797, 0.204349, 0.000000,
                  -0.003302, 0.984765, 0.173857, 0.000000,
                  -0.206937,-0.170768, 0.963336, 0.000000,
                  -0.000000, 0.346822, 0.000000, 1.000000;;
                }
                Frame Armature_Hair1 {
                  FrameTransformMatrix {
                    -1.000000,-0.000000,-0.000000, 0.000000,
                    -0.000000,-0.758378, 0.651815, 0.000000,
                    -0.000000, 0.651815, 0.758378, 0.000000,
                     0.000000, 0.896376,-0.000000, 1.000000;;
                  }
                  Frame Armature_Hair2 {
                    FrameTransformMatrix {
                      -1.000000,-0.000000,-0.000000, 0.000000,
                       0.000000, 0.919085,-0.394059, 0.000000,
                       0.000000,-0.394059,-0.919085, 0.000000,
                       0.000000, 1.084969,-0.000000, 1.000000;;
                    }
                    Frame Armature_Hair3 {
                      FrameTransformMatrix {
                         1.000000, 0.000000,-0.000000, 0.000000,
                         0.000000, 0.996219, 0.086880, 0.000000,
                         0.000000,-0.086880, 0.996219, 0.000000,
                        -0.000000, 1.174912,-0.000000, 1.000000;;
                      }
                      Frame Armature_Hair4 {
                        FrameTransformMatrix {
                           1.000000, 0.000000, 0.000000, 0.000000,
                          -0.000000, 0.979670, 0.200615, 0.000000,
                          -0.000000,-0.200615, 0.979670, 0.000000,
                           0.000000, 1.820667, 0.000000, 1.000000;;
                        }
                        Frame Armature_Hair5 {
                          FrameTransformMatrix {
                             1.000000, 0.000000,-0.000000, 0.000000,
                            -0.000000, 0.999909, 0.013467, 0.000000,
                             0.000000,-0.013467, 0.999909, 0.000000,
                            -0.000000, 1.777565,-0.000000, 1.000000;;
                          }
                          Frame Armature_Hair6 {
                            FrameTransformMatrix {
                               1.000000,-0.000000,-0.000000, 0.000000,
                               0.000000, 0.974563,-0.224114, 0.000000,
                               0.000000, 0.224114, 0.974563, 0.000000,
                              -0.000000, 1.808167,-0.000000, 1.000000;;
                            }
                          } //End of Armature_Hair6
                        } //End of Armature_Hair5
                      } //End of Armature_Hair4
                    } //End of Armature_Hair3
                  } //End of Armature_Hair2
                } //End of Armature_Hair1
              } //End of Armature_Head
            } //End of Armature_Neck
          } //End of Armature_Spine2
          Frame Armature_Wing_Left {
            FrameTransformMatrix {
              -0.663171,-0.046447,-0.747025, 0.000000,
              -0.748468, 0.041154, 0.661893, 0.000000,
               0.000000, 0.998073,-0.062056, 0.000000,
              -0.000000, 1.412763,-0.000000, 1.000000;;
            }
          } //End of Armature_Wing_Left
          Frame Armature_Wing_Right {
            FrameTransformMatrix {
              -0.641560, 0.047602, 0.765595, 0.000000,
               0.767073, 0.039813, 0.640323, 0.000000,
               0.000000, 0.998073,-0.062056, 0.000000,
              -0.000000, 1.412763,-0.000000, 1.000000;;
            }
          } //End of Armature_Wing_Right
        } //End of Armature_Spine1
        Frame Armature_Femur_Left {
          FrameTransformMatrix {
             0.000000,-0.000000,-1.000000, 0.000000,
            -0.710119,-0.704081, 0.000000, 0.000000,
            -0.704081, 0.710119,-0.000000, 0.000000,
            -0.000000, 1.514965, 0.000000, 1.000000;;
          }
          Frame Armature_Upper_Leg_Left {
            FrameTransformMatrix {
              -0.010716,-0.792984,-0.609149, 0.000000,
               0.096527, 0.605518,-0.789956, 0.000000,
               0.995273,-0.067264, 0.070056, 0.000000,
               0.000000, 0.736499,-0.000000, 1.000000;;
            }
            Frame Armature_Lower_Leg_Left {
              FrameTransformMatrix {
                 0.994702, 0.096098, 0.036513, 0.000000,
                -0.065655, 0.867166,-0.493673, 0.000000,
                -0.079104, 0.488660, 0.868881, 0.000000,
                 0.000000, 2.325550, 0.000000, 1.000000;;
              }
              Frame Armature_Leg_Left {
                FrameTransformMatrix {
                   0.999501,-0.031528,-0.001820, 0.000000,
                   0.006696, 0.155260, 0.987851, 0.000000,
                  -0.030862,-0.987370, 0.155394, 0.000000,
                   0.000000, 3.089364, 0.000000, 1.000000;;
                }
              } //End of Armature_Leg_Left
            } //End of Armature_Lower_Leg_Left
          } //End of Armature_Upper_Leg_Left
        } //End of Armature_Femur_Left
        Frame Armature_Femur_Right {
          FrameTransformMatrix {
            -0.000000, 0.000000, 1.000000, 0.000000,
             0.710119,-0.704081, 0.000000, 0.000000,
             0.704081, 0.710119,-0.000000, 0.000000,
            -0.000000, 1.514965, 0.000000, 1.000000;;
          }
          Frame Armature_Upper_Leg_Right {
            FrameTransformMatrix {
               0.001330, 0.737469, 0.675380, 0.000000,
               0.089747, 0.672567,-0.734574, 0.000000,
              -0.995964, 0.061590,-0.065291, 0.000000,
              -0.000000, 0.736499,-0.000000, 1.000000;;
            }
            Frame Armature_Lower_Leg_Right {
              FrameTransformMatrix {
                 0.999779, 0.021044,-0.000417, 0.000000,
                -0.021048, 0.999592,-0.019314, 0.000000,
                 0.000010, 0.019319, 0.999813, 0.000000,
                 0.000000, 2.325550,-0.000000, 1.000000;;
              }
              Frame Armature_Leg_Right {
                FrameTransformMatrix {
                   0.999501, 0.031528, 0.001820, 0.000000,
                  -0.006696, 0.155260, 0.987851, 0.000000,
                   0.030862,-0.987370, 0.155394, 0.000000,
                   0.000000, 3.089364,-0.000000, 1.000000;;
                }
              } //End of Armature_Leg_Right
            } //End of Armature_Lower_Leg_Right
          } //End of Armature_Upper_Leg_Right
        } //End of Armature_Femur_Right
      } //End of Armature_Bone_001
    } //End of Armature_Main
  } //End of Armature
  Frame Mesh_002 {
    FrameTransformMatrix {
       1.000000, 0.000000, 0.000000, 0.000000,
       0.000000,-0.000000, 1.000000, 0.000000,
       0.000000,-1.000000,-0.000000, 0.000000,
       0.000000, 0.000000, 0.000000, 1.000000;;
    }
    Mesh { //Cube_Cube_001 Mesh
      2568;
      -0.371912;10.158314; 0.430201;,
      -0.260309;10.375261; 0.485286;,
      -0.536585; 9.869446; 0.789758;,
       0.419867; 9.918055; 0.711196;,
       0.201147;10.260829; 0.470153;,
       0.295829;10.144938; 0.426543;,
      -0.260309;10.375261; 0.485286;,
      -0.570314;10.197623; 0.420034;,
      -0.536585; 9.869446; 0.789758;,
       0.419867; 9.918055; 0.711196;,
       0.446569;10.177864; 0.418495;,
       0.201147;10.260829; 0.470153;,
      -0.570314;10.197623; 0.420034;,
      -0.371912;10.158314; 0.430201;,
      -0.536585; 9.869446; 0.789758;,
       0.419867; 9.918055; 0.711196;,
       0.295829;10.144938; 0.426543;,
       0.446569;10.177864; 0.418495;,
      -0.543585; 9.373751; 0.097393;,
      -0.706606; 9.432543; 0.169158;,
      -0.223736; 8.795479; 0.341960;,
       0.223736; 8.795479; 0.341960;,
       0.706606; 9.432543; 0.169158;,
       0.543585; 9.373751; 0.097393;,
      -0.706606; 9.432543; 0.169158;,
      -0.543585; 9.373751;-0.000997;,
      -0.223736; 8.795479; 0.341960;,
       0.223736; 8.795479; 0.341960;,
       0.543585; 9.373751;-0.000997;,
       0.706606; 9.432543; 0.169158;,
      -0.543585; 9.373751;-0.000997;,
      -0.543585; 9.373751; 0.097393;,
      -0.223736; 8.795479; 0.341960;,
       0.223736; 8.795479; 0.341960;,
       0.543585; 9.373751; 0.097393;,
       0.543585; 9.373751;-0.000997;,
       1.008539; 0.133208; 0.315473;,
       0.927222; 0.314304;-0.199573;,
       0.756258; 0.380563;-0.013170;,
      -0.756258; 0.380563;-0.013170;,
      -0.927222; 0.314304;-0.199573;,
      -1.008539; 0.133208; 0.315473;,
       0.919417; 0.105865; 0.609016;,
       1.008539; 0.133208; 0.315473;,
       0.756258; 0.380563;-0.013170;,
      -0.756258; 0.380563;-0.013170;,
      -1.008539; 0.133208; 0.315473;,
      -0.919417; 0.105865; 0.609016;,
       0.635291; 3.089124;-0.383205;,
       0.619858; 3.442801;-0.346887;,
       0.871039; 3.160156;-0.109853;,
      -0.865998; 3.160156;-0.109853;,
      -0.619858; 3.442801;-0.346887;,
      -0.635291; 3.089124;-0.383205;,
       0.508614; 2.563987;-0.593214;,
       0.635291; 3.089124;-0.383205;,
       0.792832; 2.585789;-0.605403;,
      -0.792832; 2.585789;-0.605403;,
      -0.635291; 3.089124;-0.383205;,
      -0.508614; 2.563987;-0.593214;,
       0.619858; 3.442801;-0.346887;,
       0.635291; 3.089124;-0.383205;,
       0.421626; 3.107985;-0.246995;,
      -0.416585; 3.107985;-0.246995;,
      -0.635291; 3.089124;-0.383205;,
      -0.619858; 3.442801;-0.346887;,
       0.664517; 0.376186;-0.011546;,
       0.756258; 0.380563;-0.013170;,
       0.709366; 0.524965;-0.079434;,
      -0.709366; 0.524965;-0.079434;,
      -0.756258; 0.380563;-0.013170;,
      -0.664517; 0.376186;-0.011546;,
       0.664517; 0.376186;-0.011546;,
       0.555370; 0.295286;-0.158487;,
       0.532760; 0.132493; 0.670382;,
      -0.532760; 0.132493; 0.670382;,
      -0.555370; 0.295286;-0.158487;,
      -0.664517; 0.376186;-0.011546;,
       0.996770; 2.594666;-0.384915;,
       1.036222; 2.603544;-0.110713;,
       0.841660; 0.530034;-0.225507;,
      -0.841660; 0.530034;-0.225507;,
      -1.036222; 2.603544;-0.110713;,
      -0.996770; 2.594666;-0.384915;,
       1.036222; 2.603544;-0.110713;,
       0.996770; 2.594666;-0.384915;,
       0.871039; 3.160156;-0.109853;,
      -0.865998; 3.160156;-0.109853;,
      -0.996770; 2.594666;-0.384915;,
      -1.036222; 2.603544;-0.110713;,
       0.532915; 3.127189; 0.167188;,
       0.608026; 3.510843; 0.168791;,
       0.415390; 3.120894;-0.027171;,
      -0.415390; 3.120894;-0.027171;,
      -0.608026; 3.510843; 0.168791;,
      -0.532915; 3.127189; 0.167188;,
       0.608026; 3.510843; 0.168791;,
       0.736418; 3.144642; 0.171158;,
       0.871039; 3.160156;-0.109853;,
      -0.865998; 3.160156;-0.109853;,
      -0.736418; 3.144642; 0.171158;,
      -0.608026; 3.510843; 0.168791;,
       0.608026; 3.510843; 0.168791;,
       0.532915; 3.127189; 0.167188;,
       0.736418; 3.144642; 0.171158;,
      -0.736418; 3.144642; 0.171158;,
      -0.532915; 3.127189; 0.167188;,
      -0.608026; 3.510843; 0.168791;,
       0.443981; 4.489365; 0.384421;,
       0.608026; 3.510843; 0.168791;,
       0.784124; 4.561615; 0.280128;,
      -0.784124; 4.561615; 0.280128;,
      -0.608026; 3.510843; 0.168791;,
      -0.443981; 4.489365; 0.384421;,
       0.508614; 2.563987;-0.593214;,
       0.792832; 2.585789;-0.605403;,
       0.719678; 0.616134;-0.419191;,
      -0.719678; 0.616134;-0.419191;,
      -0.792832; 2.585789;-0.605403;,
      -0.508614; 2.563987;-0.593214;,
       0.736418; 3.144642; 0.171158;,
       0.532915; 3.127189; 0.167188;,
       0.690310; 2.581130; 0.062614;,
      -0.690310; 2.581130; 0.062614;,
      -0.532915; 3.127189; 0.167188;,
      -0.736418; 3.144642; 0.171158;,
       0.416398; 4.472984;-0.513279;,
       0.754568; 4.519809;-0.431376;,
       0.619858; 3.442801;-0.346887;,
      -0.619858; 3.442801;-0.346887;,
      -0.754568; 4.519809;-0.431376;,
      -0.416398; 4.472984;-0.513279;,
       0.691865; 5.956158;-0.416118;,
       0.741537; 6.274250;-0.012901;,
       0.956560; 5.403237;-0.106107;,
      -0.956560; 5.403237;-0.106107;,
      -0.741537; 6.274250;-0.012901;,
      -0.691865; 5.956158;-0.416118;,
      -1.480632; 4.911727;-0.416375;,
      -1.407272; 4.892342;-0.336423;,
      -1.435131; 4.847116;-0.332937;,
      -1.435131; 4.847116;-0.332937;,
      -1.407272; 4.892342;-0.336423;,
      -1.428144; 4.833165;-0.259241;,
       0.000000; 9.350815; 0.594218;,
       0.000000; 9.333751; 0.523437;,
       0.080845; 9.347805; 0.496507;,
      -0.080845; 9.347805; 0.496507;,
       0.000000; 9.333751; 0.523437;,
       0.000000; 9.350815; 0.594218;,
       0.647171;10.152184;-0.013628;,
       0.444067; 9.977329; 0.144324;,
       0.441297; 9.774664; 0.024393;,
      -0.441297; 9.774664; 0.024393;,
      -0.444067; 9.977329; 0.144324;,
      -0.647171;10.152184;-0.013628;,
       0.000000;10.378663;-0.717352;,
       0.000000;10.540480;-0.469795;,
       0.511760;10.328743;-0.542686;,
      -0.511760;10.328743;-0.542686;,
       0.000000;10.540480;-0.469795;,
       0.000000;10.378663;-0.717352;,
       0.000000; 7.388790; 0.543120;,
       0.320524; 6.498030; 0.403472;,
       0.537751; 7.498947; 0.453887;,
      -0.537751; 7.498947; 0.453887;,
      -0.320524; 6.498030; 0.403472;,
       0.000000; 7.388790; 0.543120;,
       0.255896; 8.808315;-0.025732;,
       0.000000; 8.631660; 0.183541;,
       0.694425; 8.712562;-0.122540;,
      -0.694425; 8.712562;-0.122540;,
       0.000000; 8.631660; 0.183541;,
      -0.255896; 8.808315;-0.025732;,
       0.255896; 8.881268;-0.271322;,
       0.729922; 8.742981;-0.363331;,
       0.000000; 8.594861;-0.421595;,
       0.000000; 8.594861;-0.421595;,
      -0.729922; 8.742981;-0.363331;,
      -0.255896; 8.881268;-0.271322;,
       0.320524; 6.498030; 0.403472;,
       0.310724; 5.979483; 0.328380;,
       0.601401; 6.102814; 0.440488;,
      -0.601401; 6.102814; 0.440488;,
      -0.310724; 5.979483; 0.328380;,
      -0.320524; 6.498030; 0.403472;,
       0.229970; 6.659909;-0.092515;,
       0.446328; 6.587266; 0.147667;,
       0.741537; 6.274250;-0.012901;,
      -0.741537; 6.274250;-0.012901;,
      -0.446328; 6.587266; 0.147667;,
      -0.229970; 6.659909;-0.092515;,
       0.306182; 6.122387;-0.521047;,
       0.691865; 5.956158;-0.416118;,
       0.446569; 5.543913;-0.673914;,
      -0.446569; 5.543913;-0.673914;,
      -0.691865; 5.956158;-0.416118;,
      -0.306182; 6.122387;-0.521047;,
       0.657678; 8.076467;-0.583919;,
       0.729922; 8.742981;-0.363331;,
       0.696481; 8.170775;-0.513638;,
      -0.696481; 8.170775;-0.513638;,
      -0.729922; 8.742981;-0.363331;,
      -0.657678; 8.076467;-0.583919;,
       0.834467; 8.198050; 0.108763;,
       0.657678; 8.076467;-0.583919;,
       0.696481; 8.170775;-0.513638;,
      -0.696481; 8.170775;-0.513638;,
      -0.657678; 8.076467;-0.583919;,
      -0.834467; 8.198050; 0.108763;,
       0.777800; 8.547759; 0.049656;,
       0.834467; 8.198050; 0.108763;,
       1.048684; 8.451877;-0.039438;,
      -1.048684; 8.451877;-0.039438;,
      -0.834467; 8.198050; 0.108763;,
      -0.777800; 8.547759; 0.049656;,
       1.371422; 7.074809;-0.139382;,
       1.390677; 7.010555;-0.164839;,
       1.459769; 7.038531;-0.248969;,
      -1.459769; 7.038531;-0.248969;,
      -1.390677; 7.010555;-0.164839;,
      -1.371422; 7.074809;-0.139382;,
       1.191828; 6.984945;-0.159115;,
       1.168802; 7.061037;-0.161741;,
       1.156272; 6.992502;-0.350070;,
      -1.156272; 6.992502;-0.350070;,
      -1.168802; 7.061037;-0.161741;,
      -1.191828; 6.984945;-0.159115;,
       0.602912; 9.035816;-0.470395;,
       0.338818; 9.337666;-0.116614;,
       0.217247; 9.157610;-0.214671;,
      -0.217247; 9.157610;-0.214671;,
      -0.338818; 9.337666;-0.116614;,
      -0.602912; 9.035816;-0.470395;,
       0.346246;10.099569; 0.323137;,
       0.444067; 9.977329; 0.144324;,
       0.405659;10.199541; 0.322615;,
      -0.405659;10.199541; 0.322615;,
      -0.444067; 9.977329; 0.144324;,
      -0.346246;10.099569; 0.323137;,
       0.346246;10.099569; 0.323137;,
       0.000000;10.296290; 0.335114;,
       0.000000;10.144191; 0.392250;,
       0.000000;10.144191; 0.392250;,
       0.000000;10.296290; 0.335114;,
      -0.346246;10.099569; 0.323137;,
       0.157953; 9.208021; 0.395603;,
       0.092458; 9.094247; 0.414589;,
       0.284095; 9.217373; 0.204751;,
      -0.284095; 9.217373; 0.204751;,
      -0.092458; 9.094247; 0.414589;,
      -0.157953; 9.208021; 0.395603;,
       0.647171;10.152184;-0.013628;,
       0.625042; 9.674515;-0.269794;,
       0.511760;10.328743;-0.542686;,
      -0.511760;10.328743;-0.542686;,
      -0.625042; 9.674515;-0.269794;,
      -0.647171;10.152184;-0.013628;,
       0.080845; 9.347805; 0.496507;,
       0.153682; 9.265749; 0.415467;,
       0.354945; 9.421889; 0.307442;,
      -0.354945; 9.421889; 0.307442;,
      -0.153682; 9.265749; 0.415467;,
      -0.080845; 9.347805; 0.496507;,
       0.217247; 9.157610;-0.214671;,
       0.000000; 9.160397;-0.343853;,
       0.000000; 7.928271;-0.623593;,
       0.000000; 7.928271;-0.623593;,
       0.000000; 9.160397;-0.343853;,
      -0.217247; 9.157610;-0.214671;,
       0.647171;10.152184;-0.013628;,
       0.000000;10.530571;-0.016617;,
       0.405659;10.199541; 0.322615;,
      -0.405659;10.199541; 0.322615;,
       0.000000;10.530571;-0.016617;,
      -0.647171;10.152184;-0.013628;,
       0.647171;10.152184;-0.013628;,
       0.405659;10.199541; 0.322615;,
       0.444067; 9.977329; 0.144324;,
      -0.444067; 9.977329; 0.144324;,
      -0.405659;10.199541; 0.322615;,
      -0.647171;10.152184;-0.013628;,
       0.000000; 7.388790; 0.543120;,
       0.000000; 6.400082; 0.533912;,
       0.320524; 6.498030; 0.403472;,
      -0.320524; 6.498030; 0.403472;,
       0.000000; 6.400082; 0.533912;,
       0.000000; 7.388790; 0.543120;,
       0.487944; 8.241051; 0.516517;,
       0.532571; 7.989028; 0.638054;,
       0.654908; 7.996118; 0.501576;,
      -0.654908; 7.996118; 0.501576;,
      -0.532571; 7.989028; 0.638054;,
      -0.487944; 8.241051; 0.516517;,
       0.095856; 8.030760; 0.662091;,
       0.175254; 8.289310; 0.552415;,
       0.000000; 8.046200; 0.569981;,
       0.000000; 8.046200; 0.569981;,
      -0.175254; 8.289310; 0.552415;,
      -0.095856; 8.030760; 0.662091;,
       0.175254; 8.289310; 0.552415;,
       0.000000; 8.610061; 0.222693;,
       0.000000; 8.046200; 0.569981;,
       0.000000; 8.046200; 0.569981;,
       0.000000; 8.610061; 0.222693;,
      -0.175254; 8.289310; 0.552415;,
       0.487944; 8.241051; 0.516517;,
       0.175254; 8.289310; 0.552415;,
       0.292337; 8.033516; 0.715253;,
      -0.292337; 8.033516; 0.715253;,
      -0.175254; 8.289310; 0.552415;,
      -0.487944; 8.241051; 0.516517;,
       0.175254; 8.289310; 0.552415;,
       0.095856; 8.030760; 0.662091;,
       0.292337; 8.033516; 0.715253;,
      -0.292337; 8.033516; 0.715253;,
      -0.095856; 8.030760; 0.662091;,
      -0.175254; 8.289310; 0.552415;,
       0.532571; 7.989028; 0.638054;,
       0.487944; 8.241051; 0.516517;,
       0.292337; 8.033516; 0.715253;,
      -0.292337; 8.033516; 0.715253;,
      -0.487944; 8.241051; 0.516517;,
      -0.532571; 7.989028; 0.638054;,
       0.095856; 8.030760; 0.662091;,
       0.103789; 7.861425; 0.639132;,
       0.292337; 8.033516; 0.715253;,
      -0.292337; 8.033516; 0.715253;,
      -0.103789; 7.861425; 0.639132;,
      -0.095856; 8.030760; 0.662091;,
       0.448902; 7.832089; 0.641119;,
       0.532571; 7.989028; 0.638054;,
       0.292337; 8.033516; 0.715253;,
      -0.292337; 8.033516; 0.715253;,
      -0.532571; 7.989028; 0.638054;,
      -0.448902; 7.832089; 0.641119;,
       1.435131; 4.847116;-0.314117;,
       1.407272; 4.892342;-0.336423;,
       1.480632; 4.911727;-0.416375;,
       1.428144; 4.833165;-0.247312;,
       1.407272; 4.892342;-0.336423;,
       1.435131; 4.847116;-0.314117;,
       0.103789; 7.861425; 0.639132;,
       0.257140; 7.810179; 0.640126;,
       0.292337; 8.033516; 0.715253;,
      -0.292337; 8.033516; 0.715253;,
      -0.257140; 7.810179; 0.640126;,
      -0.103789; 7.861425; 0.639132;,
       0.257140; 7.810179; 0.640126;,
       0.448902; 7.832089; 0.641119;,
       0.292337; 8.033516; 0.715253;,
      -0.292337; 8.033516; 0.715253;,
      -0.448902; 7.832089; 0.641119;,
      -0.257140; 7.810179; 0.640126;,
       0.729922; 8.742981;-0.363331;,
       1.085267; 8.510529;-0.413877;,
       0.895255; 8.344567;-0.576982;,
      -0.895255; 8.344567;-0.576982;,
      -1.085267; 8.510529;-0.413877;,
      -0.729922; 8.742981;-0.363331;,
       0.696481; 8.170775;-0.513638;,
       0.729922; 8.742981;-0.363331;,
       0.895255; 8.344567;-0.576982;,
      -0.895255; 8.344567;-0.576982;,
      -0.729922; 8.742981;-0.363331;,
      -0.696481; 8.170775;-0.513638;,
       0.000000; 7.388790; 0.543120;,
       0.264949; 7.673994; 0.516988;,
       0.000000; 7.742707; 0.516988;,
       0.000000; 7.742707; 0.516988;,
      -0.264949; 7.673994; 0.516988;,
       0.000000; 7.388790; 0.543120;,
       0.777800; 8.547759; 0.049656;,
       0.716342; 8.348934; 0.245125;,
       0.834467; 8.198050; 0.108763;,
      -0.834467; 8.198050; 0.108763;,
      -0.716342; 8.348934; 0.245125;,
      -0.777800; 8.547759; 0.049656;,
       0.654908; 7.996118; 0.501576;,
       0.834467; 8.198050; 0.108763;,
       0.716342; 8.348934; 0.245125;,
      -0.716342; 8.348934; 0.245125;,
      -0.834467; 8.198050; 0.108763;,
      -0.654908; 7.996118; 0.501576;,
       0.034257; 9.538177; 0.492885;,
       0.000000; 9.655729; 0.558280;,
       0.000000; 9.545536; 0.548593;,
       0.000000; 9.545536; 0.548593;,
       0.000000; 9.655729; 0.558280;,
      -0.034257; 9.538177; 0.492885;,
       0.034257; 9.538177; 0.492885;,
       0.068515; 9.429736; 0.508948;,
       0.376624; 9.603825; 0.318208;,
      -0.068515; 9.429736; 0.508948;,
      -0.034257; 9.538177; 0.492885;,
      -0.376624; 9.603825; 0.318208;,
       1.009385; 0.058137; 0.363864;,
       0.532760; 0.053430; 0.706789;,
       0.555370; 0.051269;-0.158487;,
       0.927222; 0.064344;-0.207620;,
       1.009385; 0.058137; 0.363864;,
       0.555370; 0.051269;-0.158487;,
       1.009385; 0.058137; 0.363864;,
       0.919417; 0.064344; 0.630216;,
       0.532760; 0.053430; 0.706789;,
      -1.009385; 0.058137; 0.363864;,
      -0.555370; 0.051269;-0.158487;,
      -0.532760; 0.053430; 0.706789;,
      -0.919417; 0.064344; 0.630216;,
      -1.009385; 0.058137; 0.363864;,
      -0.532760; 0.053430; 0.706789;,
      -1.009385; 0.058137; 0.363864;,
      -0.927222; 0.064344;-0.207620;,
      -0.555370; 0.051269;-0.158487;,
       0.694425; 8.712562;-0.122540;,
       0.000000; 8.631660; 0.183541;,
       0.000000; 8.610061; 0.222693;,
       0.553551; 8.455413; 0.255533;,
       0.694425; 8.712562;-0.122540;,
       0.000000; 8.610061; 0.222693;,
      -0.694425; 8.712562;-0.122540;,
       0.000000; 8.610061; 0.222693;,
       0.000000; 8.631660; 0.183541;,
      -0.694425; 8.712562;-0.122540;,
      -0.553551; 8.455413; 0.255533;,
       0.000000; 8.610061; 0.222693;,
       0.694425; 8.712562;-0.122540;,
       0.716342; 8.348934; 0.245125;,
       0.777800; 8.547759; 0.049656;,
       0.694425; 8.712562;-0.122540;,
       0.553551; 8.455413; 0.255533;,
       0.716342; 8.348934; 0.245125;,
      -0.694425; 8.712562;-0.122540;,
      -0.777800; 8.547759; 0.049656;,
      -0.716342; 8.348934; 0.245125;,
      -0.553551; 8.455413; 0.255533;,
      -0.694425; 8.712562;-0.122540;,
      -0.716342; 8.348934; 0.245125;,
       0.376624; 9.603825; 0.318208;,
       0.349800; 9.715399; 0.385397;,
       0.034257; 9.538177; 0.492885;,
       0.349800; 9.715399; 0.385397;,
       0.000000; 9.655729; 0.558280;,
       0.034257; 9.538177; 0.492885;,
      -0.376624; 9.603825; 0.318208;,
      -0.034257; 9.538177; 0.492885;,
      -0.349800; 9.715399; 0.385397;,
      -0.034257; 9.538177; 0.492885;,
       0.000000; 9.655729; 0.558280;,
      -0.349800; 9.715399; 0.385397;,
       0.000000; 9.404156; 0.626377;,
       0.000000; 9.545536; 0.548593;,
      -0.068515; 9.429736; 0.508948;,
       0.000000; 9.545536; 0.548593;,
      -0.034257; 9.538177; 0.492885;,
      -0.068515; 9.429736; 0.508948;,
       0.068515; 9.429736; 0.508948;,
       0.034257; 9.538177; 0.492885;,
       0.000000; 9.545536; 0.548593;,
       0.068515; 9.429736; 0.508948;,
       0.000000; 9.545536; 0.548593;,
       0.000000; 9.404156; 0.626377;,
       0.000000; 0.962285;-1.696764;,
      -0.231625; 1.013960;-1.720327;,
      -0.189544; 1.027247;-1.803902;,
       0.000000; 0.962285;-1.696764;,
      -0.189544; 1.027247;-1.803902;,
       0.000000; 1.007404;-1.845850;,
       0.189544; 1.027247;-1.803902;,
       0.231625; 1.013960;-1.720327;,
       0.000000; 0.962285;-1.696764;,
       0.189544; 1.027247;-1.803902;,
       0.000000; 0.962285;-1.696764;,
       0.000000; 1.007404;-1.845850;,
      -0.264949; 7.673994; 0.516988;,
      -0.521855; 7.719142; 0.516988;,
      -0.537751; 7.498947; 0.453887;,
      -0.264949; 7.673994; 0.516988;,
      -0.537751; 7.498947; 0.453887;,
       0.000000; 7.388790; 0.543120;,
       0.537751; 7.498947; 0.453887;,
       0.521855; 7.719142; 0.516988;,
       0.264949; 7.673994; 0.516988;,
       0.537751; 7.498947; 0.453887;,
       0.264949; 7.673994; 0.516988;,
       0.000000; 7.388790; 0.543120;,
      -0.654908; 7.996118; 0.501576;,
      -0.834467; 8.198050; 0.108763;,
      -0.537751; 7.498947; 0.453887;,
      -0.654908; 7.996118; 0.501576;,
      -0.537751; 7.498947; 0.453887;,
      -0.521855; 7.719142; 0.516988;,
       0.537751; 7.498947; 0.453887;,
       0.834467; 8.198050; 0.108763;,
       0.654908; 7.996118; 0.501576;,
       0.537751; 7.498947; 0.453887;,
       0.654908; 7.996118; 0.501576;,
       0.521855; 7.719142; 0.516988;,
      -0.532571; 7.989028; 0.638054;,
      -0.654908; 7.996118; 0.501576;,
      -0.448902; 7.832089; 0.641119;,
      -0.654908; 7.996118; 0.501576;,
      -0.521855; 7.719142; 0.516988;,
      -0.448902; 7.832089; 0.641119;,
       0.521855; 7.719142; 0.516988;,
       0.654908; 7.996118; 0.501576;,
       0.448902; 7.832089; 0.641119;,
       0.654908; 7.996118; 0.501576;,
       0.532571; 7.989028; 0.638054;,
       0.448902; 7.832089; 0.641119;,
       0.000000; 7.742707; 0.516988;,
      -0.103789; 7.861425; 0.639132;,
      -0.264949; 7.673994; 0.516988;,
      -0.103789; 7.861425; 0.639132;,
      -0.257140; 7.810179; 0.640126;,
      -0.264949; 7.673994; 0.516988;,
       0.257140; 7.810179; 0.640126;,
       0.103789; 7.861425; 0.639132;,
       0.264949; 7.673994; 0.516988;,
       0.103789; 7.861425; 0.639132;,
       0.000000; 7.742707; 0.516988;,
       0.264949; 7.673994; 0.516988;,
      -0.264949; 7.673994; 0.516988;,
      -0.257140; 7.810179; 0.640126;,
      -0.448902; 7.832089; 0.641119;,
      -0.264949; 7.673994; 0.516988;,
      -0.448902; 7.832089; 0.641119;,
      -0.521855; 7.719142; 0.516988;,
       0.448902; 7.832089; 0.641119;,
       0.257140; 7.810179; 0.640126;,
       0.264949; 7.673994; 0.516988;,
       0.448902; 7.832089; 0.641119;,
       0.264949; 7.673994; 0.516988;,
       0.521855; 7.719142; 0.516988;,
       1.515095; 4.929842;-0.002364;,
       1.449201; 4.940066;-0.036747;,
       1.483191; 4.984930;-0.072077;,
       1.515095; 4.929842;-0.002364;,
       1.483191; 4.984930;-0.072077;,
       1.545081; 4.984960;-0.040408;,
       1.542947; 5.088674; 0.034879;,
       1.450501; 5.088644; 0.008856;,
       1.515095; 4.929842;-0.002364;,
       1.450501; 5.088644; 0.008856;,
       1.449201; 4.940066;-0.036747;,
       1.515095; 4.929842;-0.002364;,
       1.582110; 5.088406;-0.027769;,
       1.542947; 5.088674; 0.034879;,
       1.545081; 4.984960;-0.040408;,
       1.542947; 5.088674; 0.034879;,
       1.515095; 4.929842;-0.002364;,
       1.545081; 4.984960;-0.040408;,
       1.450501; 5.088644; 0.008856;,
       1.502859; 5.088376;-0.057808;,
       1.483191; 4.984930;-0.072077;,
